    feature   count        mean        std         min         25%  50% (median)         75%         max  skewness
0         0  308328    2.962222   4.679590    0.000000    0.043261      0.548636    4.187138   56.000000  2.204961
1         1  308328   33.956371  15.192476  -31.000000   23.724735     33.545277   43.424599   81.000000  0.233777
2         2  308328   77.437675  32.647030    6.810747   48.913548     73.823219  105.265335  195.815918  0.229626
3         3  308328 -379.774475  38.343540 -446.921997 -413.068878   -386.517944 -353.185608 -236.286942  0.673134
4         4  308328 -154.563171  47.600735 -295.426544 -189.882797   -159.563248 -121.155884  -16.133305  0.287470
5         5  308328   43.574234  18.840076    1.786298   29.339418     39.190567   55.152966  122.678772  0.739405
6         6  308328  258.309692  35.090611  109.454430  242.823776    270.319855  282.670868  325.786926 -1.195118
7         7  308328    1.171555   2.366428    0.000000    0.010719      0.157153    1.203526   24.000000  3.841213
8         8  308328   24.679083   4.934163    1.809426   21.414328     25.587824   28.350811   40.799908 -0.600497
9         9  308328   15.353255   5.358988  -12.678838   11.066105     16.273443   20.141859   26.009001 -0.469531
10       10  308328   -0.297316   0.815652   -4.344032   -0.851881     -0.355020    0.241585    3.980724  0.182456
11       11  308328    0.251220   0.410436   -3.528752    0.017403      0.259430    0.511136    2.103202 -0.477488
12       12  308328    4.449281   7.206095    0.000000    0.098066      1.208800    6.036378  152.881134  3.387433



📌 Thống kê mô tả gauss:
count    100416.000000
mean          4.659931
std          13.459854
min          -1.000000
25%           0.000000
50%           0.000000
75%           2.000000
max         929.000000
Name: R, dtype: float64 

📌 Số lượng giá trị null theo từng cột:
0 

➜  Subseasonal_Forecasting git:(main) ✗ python get_gsm.py  
Tổng số file: 7305
Đang đọc dữ liệu: 100%|████████████████████████████████████████████████████████████████████████████████████████████| 7305/7305 [00:00<00:00, 40308.73it/s]

📊 Thống kê dữ liệu:
- Số file: 7305
- Các shape khác nhau và số lượng:
  + Shape (np.int64(17), np.int64(17)): 7305 files
- Giá trị min: 0.0
- Giá trị max: 724.0681236463133
- Giá trị mean: 4.4504
- Giá trị std: 14.6679


split  feature  count        mean       std         min         25%  50% (median)         75%         max  skewness
Train        0 200448    2.970031  4.685764    0.000000    0.044012      0.549141    4.194556   56.000000  2.194708
Train        1 200448   34.163887 15.098260  -31.000000   24.122364     33.874908   43.528786   81.000000  0.193613
Train        2 200448   77.058136 32.705940    8.939757   48.338692     73.364647  105.083298  202.296829  0.224232
Train        3 200448 -378.911316 38.240421 -444.441284 -412.419983   -385.209778 -352.161224 -242.062042  0.651654
Train        4 200448 -154.409683 47.360329 -295.721130 -189.604980   -159.314926 -121.200096  -10.284508  0.292265
Train        5 200448   43.732334 18.801153    2.137259   29.555147     39.363876   55.255333  115.190102  0.739290
Train        6 200448  258.222656 34.975201  113.670448  242.532333    270.126404  282.540100  323.438629 -1.183217
Train        7 200448    1.176955  2.379537    0.000000    0.010835      0.161224    1.223567   24.000000  3.942795
Train        8 200448   24.571844  4.961912    1.274461   21.306923     25.553020   28.281984   40.164612 -0.642297
Train        9 200448   15.229164  5.366971  -11.974652   10.902990     16.178635   20.048771   25.789820 -0.469277
Train       10 200448   -0.300472  0.817064   -4.453990   -0.855924     -0.356824    0.244750    3.643836  0.156668
Train       11 200448    0.252678  0.401198   -3.091964    0.022253      0.260519    0.505399    2.109309 -0.441792
Train       12 200448    4.483090  7.349030    0.000000    0.106541      1.209983    6.083984  183.995178  3.704414

  Val        0  46168    3.048687  4.749952    0.000000    0.061525      0.622856    4.332721   51.986774  2.164350
  Val        1  46168   33.617107 15.004174  -27.228752   23.597284     33.343674   42.906055   81.000000  0.226138
  Val        2  46168   77.965279 32.073250   12.064796   50.565853     73.578362  105.110168  179.434357  0.260417
  Val        3  46168 -381.775513 37.692768 -445.380249 -414.124969   -388.562439 -356.523254 -253.852051  0.738023
  Val        4  46168 -154.046478 48.075306 -286.651093 -189.850433   -158.376984 -119.896156  -16.757689  0.263507
  Val        5  46168   43.213772 18.539719    5.124645   29.217428     39.087578   54.229080  103.460159  0.764439
  Val        6  46168  258.384155 35.526455  123.660187  242.856445    270.697815  282.983276  324.594330 -1.208865
  Val        7  46168    1.196356  2.407705    0.000000    0.013963      0.178127    1.205633   24.000000  3.787517
  Val        8  46168   25.003124  4.809637    5.593626   21.803915     25.806250   28.588024   39.215809 -0.547355
  Val        9  46168   15.705791  5.193219    0.292037   11.613445     16.626652   20.336607   26.101040 -0.492688
  Val       10  46168   -0.257530  0.811698   -3.874364   -0.819209     -0.313069    0.282178    3.451594  0.221802
  Val       11  46168    0.246100  0.406117   -2.555028    0.014172      0.251730    0.506413    1.745472 -0.444902
  Val       12  46168    4.544816  7.398846    0.000000    0.137571      1.297396    6.028802  167.250061  3.580511
  
 Test        0  46168    2.983952  4.625327    0.000000    0.033357      0.569146    4.331776   55.026485  2.130916
 Test        1  46168   33.100807 14.860250  -19.283821   22.973978     32.667084   42.481716   81.000000  0.253828
 Test        2  46168   78.248367 32.599731   10.147326   49.539383     75.023605  106.227570  181.413788  0.201445
 Test        3  46168 -379.549225 40.095123 -445.199463 -414.383636   -387.776611 -351.639008 -249.641434  0.695701
 Test        4  46168 -153.856812 47.198975 -291.348572 -188.648743   -158.961746 -119.866348  -21.404909  0.258620
 Test        5  46168   43.282310 19.076117    5.827902   28.904114     38.507965   55.085068  105.312134  0.757875
 Test        6  46168  257.502563 35.380806  125.589264  241.042358    270.058502  281.843323  325.527893 -1.163148
 Test        7  46168    1.202371  2.371288    0.000000    0.008032      0.170516    1.284210   24.000000  3.667290
 Test        8  46168   24.543997  4.869901    2.590441   21.037968     25.391565   28.304274   38.645695 -0.501633
 Test        9  46168   15.319735  5.475303   -1.012665   10.910319     16.163708   20.282814   26.174061 -0.446367
 Test       10  46168   -0.356554  0.802407   -3.913670   -0.903927     -0.419237    0.167789    3.461848  0.213330
 Test       11  46168    0.234121  0.414315   -2.779671    0.006055      0.245045    0.494761    1.912674 -0.599562
 Test       12  46168    4.523517  7.090002    0.000000    0.077285      1.299073    6.346059  113.132721  2.915438